
0	carID	Unique vehicle ID
1	timeVal	Time/frame index of the vehicle's trajectory
2	ty	Vehicle Y position
3	tx	Vehicle X position
4	vehLen	Vehicle length, in meters
5	vehWid	Vehicle width, in meters
6	classVal	Vehicle class; SHARC's generation script sets this to 2
7	latVel	Lateral velocity
8	longVel	Longitudinal velocity
9	ay	Y/lateral acceleration
10	ax	X/longitudinal acceleration
11	lane	Current lane ID
12	sRoad	Vehicle's longitudinal position along the road
13	ry	Road-relative Y coordinate (RdVector.y)


0,1,2,3,4,5,6,7,8,9,10,11,12,13
1,1,5.25,0.009279,4.28,1.82,2,20.0,0.04084,-0.0001503,-0.06413,1,3.42,-1.0
1,2,5.254,2.007,4.28,1.82,2,19.96,0.04077,-0.0002306,-0.3529,1,5.418,-1.0
1,3,5.258,4.001,4.28,1.82,2,19.93,0.04069,-0.001404,-0.2992,1,7.412,-1.0
1,4,5.262,5.992,4.28,1.82,2,19.9,0.04053,-0.001807,-0.2884,1,9.403,-1.0
1,5,5.266,7.98,4.28,1.82,2,19.87,0.04035,-0.001715,-0.292,1,11.39,-1.0
1,6,5.27,9.966,4.28,1.82,2,19.84,0.04018,-0.001581,-0.3095,1,13.38,0.002042
1,7,5.274,11.95,4.28,1.82,2,19.8,0.04003,-0.001525,-0.3806,1,15.36,0.002042
1,8,5.278,13.93,4.28,1.82,2,19.77,0.03989,-0.001097,-0.2616,1,17.34,0.002042
1,9,5.282,15.9,4.28,1.82,2,19.75,0.03981,-0.0006464,-0.1186,1,19.31,0.002042
1,10,5.286,17.88,4.28,1.82,2,19.74,0.03976,-0.0003287,-0.03571,1,21.29,0.002042
1,11,5.29,19.85,4.28,1.82,2,19.74,0.03974,-5.974e-05,0.03225,1,23.26,0.002042
1,12,5.294,21.82,4.28,1.82,2,19.75,0.03975,0.0001889,0.09831,1,25.24,0.002042
1,13,5.298,23.8,4.28,1.82,2,19.76,0.03978,0.0004162,0.1584,1,27.21,0.002042
1,14,5.302,25.78,4.28,1.82,2,19.78,0.03983,0.0006172,0.2089,1,29.19,0.002042
1,15,5.306,27.76,4.28,1.82,2,19.8,0.0399,0.000798,0.2509,1,31.17,0.002042
1,16,5.31,29.74,4.28,1.82,2,19.83,0.03999,0.0009606,0.286,1,33.15,0.002042
1,17,5.314,31.72,4.28,1.82,2,19.86,0.04009,0.001107,0.3142,1,35.13,0.002042
1,18,5.318,33.71,4.28,1.82,2,19.89,0.04021,0.001239,0.337,1,37.12,0.002042
1,19,5.322,35.7,4.28,1.82,2,19.93,0.04034,0.001358,0.3547,1,39.11,0.002042
1,20,5.326,37.7,4.28,1.82,2,19.96,0.04048,0.001466,0.3677,1,41.11,0.002042
1,21,5.33,39.69,4.28,1.82,2,20.0,0.04063,0.001564,0.3767,1,43.1,0.002042
1,22,5.334,41.7,4.28,1.82,2,20.04,0.04079,0.001654,0.382,1,45.11,0.002042
1,23,5.338,43.7,4.28,1.82,2,20.08,0.04096,0.001736,0.384,1,47.11,0.002042
1,24,5.343,45.71,4.28,1.82,2,20.12,0.04114,0.001812,0.3832,1,49.12,0.002042
1,25,5.347,47.72,4.28,1.82,2,20.15,0.04132,0.001887,0.382,1,51.14,0.002042
1,26,5.351,49.74,4.28,1.82,2,20.19,0.04152,0.001958,0.3784,1,53.15,0.002042
1,27,5.355,51.76,4.28,1.82,2,20.23,0.04172,0.002021,0.3722,1,55.17,0.002042
1,28,5.359,53.79,4.28,1.82,2,20.27,0.04192,0.002081,0.3639,1,57.2,0.002042
1,29,5.363,55.82,4.28,1.82,2,20.3,0.04213,0.002138,0.3539,1,59.23,0.002042
1,30,5.368,57.85,4.28,1.82,2,20.34,0.04235,0.002191,0.3422,1,61.26,0.002042
1,31,5.372,59.88,4.28,1.82,2,20.37,0.04257,0.00224,0.3292,1,63.29,0.002042
1,32,5.376,61.92,4.28,1.82,2,20.4,0.0428,0.002286,0.3152,1,65.33,0.002042
1,33,5.38,63.96,4.28,1.82,2,20.43,0.04303,0.002327,0.3005,1,67.37,0.002042
1,34,5.385,66.01,4.28,1.82,2,20.46,0.04326,0.002364,0.2852,1,69.42,0.002042
1,35,5.389,68.06,4.28,1.82,2,20.49,0.0435,0.002393,0.2692,1,71.47,0.002042
1,36,5.393,70.11,4.28,1.82,2,20.52,0.04374,0.002414,0.253,1,73.52,0.002042
1,37,5.398,72.16,4.28,1.82,2,20.54,0.04398,0.002424,0.2368,1,75.57,0.002042
1,38,5.402,74.21,4.28,1.82,2,20.56,0.04422,0.002422,0.2208,1,77.63,0.002042
1,39,5.407,76.27,4.28,1.82,2,20.58,0.04447,0.002403,0.2048,1,79.68,0.002042
1,40,5.411,78.33,4.28,1.82,2,20.6,0.0447,0.002364,0.1891,1,81.74,0.002042
1,41,5.416,80.39,4.28,1.82,2,20.62,0.04494,0.002302,0.174,1,83.8,0.002042
1,42,5.42,82.46,4.28,1.82,2,20.64,0.04516,0.002216,0.1594,1,85.87,0.002042
1,43,5.425,84.52,4.28,1.82,2,20.65,0.04538,0.002098,0.1452,1,87.93,0.002042
1,44,5.429,86.59,4.28,1.82,2,20.67,0.04558,0.001942,0.1314,1,90.0,0.002042
1,45,5.434,88.65,4.28,1.82,2,20.68,0.04577,0.001743,0.1184,1,92.07,0.002042
1,46,5.438,90.72,4.28,1.82,2,20.69,0.04593,0.001495,0.106,1,94.13,0.002042
1,47,5.443,92.79,4.28,1.82,2,20.7,0.04606,0.001187,0.09428,1,96.2,0.002042
1,48,5.448,94.86,4.28,1.82,2,20.71,0.04616,0.0008081,0.08325,1,98.27,0.002042
1,49,5.452,96.94,4.28,1.82,2,20.72,0.04622,0.0003483,0.07264,1,100.3,0.002042
1,50,5.457,99.01,4.28,1.82,2,20.73,0.04623,-0.000198,0.06271,1,102.4,0.002042
1,51,5.461,101.1,4.28,1.82,2,20.73,0.04618,-0.0008402,0.0535,1,104.5,0.002042
1,52,5.466,103.2,4.28,1.82,2,20.74,0.04606,-0.001589,0.04496,1,106.6,0.002042
1,53,5.471,105.2,4.28,1.82,2,20.74,0.04586,-0.00245,0.03707,1,108.6,0.002042
1,54,5.475,107.3,4.28,1.82,2,20.74,0.04556,-0.003428,0.02981,1,110.7,0.002042
1,55,5.48,109.4,4.28,1.82,2,20.75,0.04517,-0.004529,0.02316,1,112.8,0.002042
1,56,5.484,111.5,4.28,1.82,2,20.75,0.04465,-0.005758,0.01709,1,114.9,0.002042
1,57,5.489,113.5,4.28,1.82,2,20.75,0.04401,-0.007122,0.01158,1,116.9,0.002042
1,58,5.493,115.6,4.28,1.82,2,20.75,0.04322,-0.008627,0.006518,1,119.0,0.002042
1,59,5.497,117.7,4.28,1.82,2,20.75,0.04228,-0.01027,0.001886,1,121.1,0.002042
1,60,5.501,119.8,4.28,1.82,2,20.75,0.04116,-0.01206,-0.002214,1,123.2,0.002042
1,61,5.506,121.8,4.28,1.82,2,20.75,0.03986,-0.01398,-0.005838,1,125.2,0.002042
1,62,5.509,123.9,4.28,1.82,2,20.75,0.03836,-0.01603,-0.009018,1,127.3,0.002042
1,63,5.513,126.0,4.28,1.82,2,20.75,0.03665,-0.01821,-0.01178,1,129.4,0.002042
1,64,5.517,128.1,4.28,1.82,2,20.75,0.03471,-0.02052,-0.01416,1,131.5,0.002042
1,65,5.52,130.1,4.28,1.82,2,20.74,0.03253,-0.02309,-0.1661,1,133.5,0.002042
1,66,5.523,132.2,4.28,1.82,2,20.71,0.0301,-0.02556,-0.4396,1,135.6,0.002042
1,67,5.526,134.3,4.28,1.82,2,20.68,0.02742,-0.02852,-0.1145,1,137.7,0.002042
1,68,5.529,136.3,4.28,1.82,2,20.67,0.02442,-0.0311,-0.155,1,139.7,0.002042
1,69,5.531,138.4,4.28,1.82,2,20.65,0.0212,-0.03352,-0.168,1,141.8,0.002042
1,70,5.533,140.5,4.28,1.82,2,20.63,0.01771,-0.03616,-0.1709,1,143.9,0.002042
1,71,5.535,142.5,4.28,1.82,2,20.62,0.01397,-0.03859,-0.163,1,145.9,0.002042
1,72,5.536,144.6,4.28,1.82,2,20.6,0.009995,-0.0408,0.02376,1,148.0,0.002042
1,73,5.537,146.6,4.28,1.82,2,20.61,0.005783,-0.04312,0.0909,1,150.1,0.002042
1,74,5.537,148.7,4.28,1.82,2,20.62,0.001427,-0.04396,0.02682,1,152.1,0.002042
1,75,5.537,150.8,4.28,1.82,2,20.62,-0.003004,-0.0446,0.02203,1,154.2,0.002042
1,76,5.536,152.8,4.28,1.82,2,20.62,-0.007474,-0.04465,0.04087,1,156.2,0.002042
1,77,5.535,154.9,4.28,1.82,2,20.63,-0.0119,-0.04361,0.04719,1,158.3,0.002042
1,78,5.534,157.0,4.28,1.82,2,20.63,-0.01614,-0.04106,0.0496,1,160.4,0.002042
1,79,5.532,159.0,4.28,1.82,2,20.64,-0.02007,-0.03713,0.05022,1,162.4,0.002042
1,80,5.53,161.1,4.28,1.82,2,20.64,-0.02349,-0.0309,0.04989,1,164.5,0.002042
1,81,5.527,163.2,4.28,1.82,2,20.65,-0.02615,-0.02184,0.04911,1,166.6,0.002042
1,82,5.525,165.2,4.28,1.82,2,20.65,-0.02773,-0.009349,0.048,1,168.6,0.002042
1,83,5.522,167.3,4.28,1.82,2,20.66,-0.02785,0.007546,0.04664,1,170.7,0.002042
1,84,5.519,169.3,4.28,1.82,2,20.66,-0.02602,0.02983,0.04508,1,172.8,0.002042
1,85,5.517,171.4,4.28,1.82,2,20.67,-0.02165,0.05849,0.04333,1,174.8,0.002042
1,86,5.515,173.5,4.28,1.82,2,20.67,-0.01409,0.0937,0.04135,1,176.9,0.002042
1,87,5.514,175.5,4.28,1.82,2,20.68,-0.002611,0.1367,0.03921,1,179.0,0.002042
1,88,5.515,177.6,4.28,1.82,2,20.68,0.01353,0.187,0.03686,1,181.0,0.002042
1,89,5.517,179.7,4.28,1.82,2,20.68,0.03508,0.2447,0.03424,1,183.1,0.002042
1,90,5.522,181.8,4.28,1.82,2,20.69,0.06278,0.3101,0.03132,1,185.2,0.002042
1,91,5.53,183.8,4.28,1.82,2,20.69,0.09725,0.3791,0.02803,1,187.2,0.002042
1,92,5.542,185.9,4.28,1.82,2,20.69,0.1391,0.4576,0.02424,1,189.3,0.002042
1,93,5.558,188.0,4.28,1.82,2,20.69,0.189,0.5411,0.01982,1,191.4,0.002042
1,94,5.58,190.0,4.28,1.82,2,20.7,0.2476,0.6304,0.01462,1,193.4,0.002042
1,95,5.608,192.1,4.28,1.82,2,20.7,0.3152,0.7224,0.008512,1,195.5,0.002042
1,96,5.643,194.2,4.28,1.82,2,20.7,0.3924,0.8203,0.00132,1,197.6,0.005173
1,97,5.687,196.2,4.28,1.82,2,20.7,0.4794,0.9209,-0.007111,1,199.6,0.005173
1,98,5.739,198.3,4.28,1.82,2,20.7,0.5767,1.023,-0.0169,1,201.8,0.005173
1,99,5.802,200.4,4.28,1.82,2,20.69,0.6841,1.123,-0.02809,1,203.9,0.005173
1,100,5.877,202.4,4.28,1.82,2,20.69,0.8015,1.223,-0.04081,1,206.0,0.005173
1,101,5.963,204.5,4.28,1.82,2,20.68,0.9287,1.32,-0.05508,1,208.2,0.05607
1,102,6.063,206.6,4.28,1.82,2,20.68,1.065,1.415,-0.07099,1,210.3,0.05607
1,103,6.177,208.7,4.28,1.82,2,20.67,1.212,1.505,-0.08843,1,212.4,0.05607
1,104,6.306,210.7,4.28,1.82,2,20.66,1.366,1.59,-0.1073,1,214.5,0.05607
1,105,6.451,212.8,4.28,1.82,2,20.65,1.529,1.667,-0.1274,1,216.7,0.05607
1,106,6.612,214.8,4.28,1.82,2,20.64,1.7,1.741,-0.1489,1,218.8,0.107
1,107,6.791,216.9,4.28,1.82,2,20.62,1.877,1.808,-0.1716,1,220.9,0.107
1,108,6.988,219.0,4.28,1.82,2,20.6,2.061,1.87,-0.1954,1,223.1,0.107
1,109,7.204,221.0,4.28,1.82,2,20.58,2.251,1.927,-0.2202,1,225.2,0.107
1,110,7.438,223.1,4.28,1.82,2,20.56,2.447,1.978,-0.2458,1,227.3,0.107
1,111,7.693,225.1,4.28,1.82,2,20.53,2.647,2.023,-0.2718,1,229.5,0.1581
1,112,7.968,227.2,4.28,1.82,2,20.5,2.851,2.062,-0.2982,1,231.6,0.1581
1,113,8.264,229.2,4.28,1.82,2,20.47,3.059,2.095,-0.3246,1,233.7,0.1581
1,114,8.58,231.3,4.28,1.82,2,20.44,3.27,2.122,-0.351,1,235.8,0.1581
1,115,8.918,233.3,4.28,1.82,2,20.4,3.483,2.142,-0.377,1,238.0,0.1581
1,116,9.277,235.4,4.28,1.82,2,20.36,3.698,2.158,-0.4029,1,240.1,0.209
1,117,9.658,237.4,4.28,1.82,2,20.32,3.915,2.169,-0.4285,1,242.2,0.209
1,118,10.06,239.4,4.28,1.82,2,20.28,4.132,2.177,-0.4537,1,244.4,0.209
1,119,10.48,241.5,4.28,1.82,2,20.23,4.35,2.182,-0.4787,1,246.5,0.209
1,120,10.93,243.5,4.28,1.82,2,20.18,4.568,2.185,-0.5032,1,248.6,0.209
1,121,11.4,245.5,4.28,1.82,2,20.13,4.787,2.185,-0.5275,1,250.7,0.2595
1,122,11.89,247.5,4.28,1.82,2,20.08,5.005,2.183,-0.5515,1,252.9,0.2595
1,123,12.4,249.5,4.28,1.82,2,20.02,5.223,2.18,-0.5752,1,255.0,0.2595
1,124,12.93,251.5,4.28,1.82,2,19.96,5.441,2.175,-0.5986,1,257.1,0.2595
1,125,13.49,253.5,4.28,1.82,2,19.9,5.658,2.169,-0.6217,1,259.2,0.2595
1,126,14.07,255.5,4.28,1.82,2,19.84,5.875,2.162,-0.6446,1,261.4,0.3096
1,127,14.66,257.5,4.28,1.82,2,19.77,6.091,2.155,-0.6672,1,263.5,0.3096
1,128,15.28,259.4,4.28,1.82,2,19.7,6.306,2.146,-0.6896,1,265.6,0.3096
1,129,15.92,261.4,4.28,1.82,2,19.63,6.52,2.137,-0.7117,1,267.8,0.3096
1,130,16.59,263.4,4.28,1.82,2,19.56,6.733,2.128,-0.7337,1,269.9,0.3096
1,131,17.27,265.3,4.28,1.82,2,19.49,6.946,2.117,-0.7554,1,272.0,0.359
1,132,17.98,267.3,4.28,1.82,2,19.41,7.157,2.107,-0.7769,1,274.1,0.359
1,133,18.7,269.2,4.28,1.82,2,19.33,7.367,2.096,-0.7982,1,276.3,0.359
1,134,19.45,271.1,4.28,1.82,2,19.25,7.576,2.085,-0.8194,1,278.4,0.359
1,135,20.22,273.1,4.28,1.82,2,19.17,7.784,2.073,-0.8404,1,280.5,0.359
1,136,21.01,275.0,4.28,1.82,2,19.08,7.991,2.061,-0.8612,1,282.6,0.4074
1,137,21.82,276.9,4.28,1.82,2,18.99,8.196,2.049,-0.8819,1,284.8,0.4074
1,138,22.65,278.8,4.28,1.82,2,18.9,8.4,2.037,-0.9025,1,286.9,0.4074
1,139,23.5,280.6,4.28,1.82,2,18.81,8.604,2.025,-0.9229,1,289.0,0.4074
1,140,24.37,282.5,4.28,1.82,2,18.72,8.805,2.013,-0.9432,1,291.1,0.4074
1,141,25.26,284.4,4.28,1.82,2,18.62,9.006,2.0,-0.9635,1,293.3,0.455
1,142,26.17,286.2,4.28,1.82,2,18.53,9.206,1.988,-0.9836,1,295.4,0.455
1,143,27.1,288.1,4.28,1.82,2,18.43,9.404,1.975,-1.004,1,297.5,0.455
1,144,28.05,289.9,4.28,1.82,2,18.33,9.601,1.962,-1.024,1,299.6,0.455
1,145,29.02,291.8,4.28,1.82,2,18.22,9.796,1.95,-1.043,1,301.8,0.455
1,146,30.01,293.6,4.28,1.82,2,18.12,9.99,1.937,-1.063,1,303.9,0.5014
1,147,31.02,295.4,4.28,1.82,2,18.01,10.18,1.924,-1.083,1,306.0,0.5014
1,148,32.05,297.2,4.28,1.82,2,17.9,10.38,1.911,-1.103,1,308.1,0.5014
1,149,33.09,299.0,4.28,1.82,2,17.79,10.57,1.898,-1.122,1,310.3,0.5014
1,150,34.16,300.7,4.28,1.82,2,17.68,10.75,1.885,-1.142,1,312.4,0.5014
1,151,35.24,302.5,4.28,1.82,2,17.56,10.94,1.871,-1.161,1,314.5,0.5465
1,152,36.35,304.3,4.28,1.82,2,17.44,11.13,1.858,-1.181,1,316.7,0.5465
1,153,37.47,306.0,4.28,1.82,2,17.33,11.31,1.845,-1.2,1,318.8,0.5465
1,154,38.61,307.7,4.28,1.82,2,17.2,11.5,1.831,-1.219,1,320.9,0.5465
1,155,39.77,309.4,4.28,1.82,2,17.08,11.68,1.818,-1.238,1,323.0,0.5465
1,156,40.95,311.1,4.28,1.82,2,16.96,11.86,1.804,-1.257,1,325.2,0.5903
1,157,42.14,312.8,4.28,1.82,2,16.83,12.04,1.79,-1.276,1,327.3,0.5903
1,158,43.36,314.5,4.28,1.82,2,16.7,12.22,1.776,-1.295,1,329.4,0.5903
1,159,44.59,316.2,4.28,1.82,2,16.57,12.4,1.762,-1.314,1,331.5,0.5903
1,160,45.83,317.8,4.28,1.82,2,16.44,12.57,1.748,-1.333,1,333.7,0.5903
1,161,47.1,319.4,4.28,1.82,2,16.3,12.75,1.733,-1.351,1,335.8,0.6324
1,162,48.38,321.1,4.28,1.82,2,16.17,12.92,1.719,-1.37,1,337.9,0.6324
1,163,49.68,322.7,4.28,1.82,2,16.03,13.09,1.704,-1.388,1,340.1,0.6324
1,164,51.0,324.3,4.28,1.82,2,15.89,13.26,1.689,-1.406,1,342.2,0.6324
1,165,52.34,325.9,4.28,1.82,2,15.75,13.43,1.674,-1.424,1,344.3,0.6324
1,166,53.69,327.4,4.28,1.82,2,15.61,13.59,1.659,-1.442,1,346.4,0.6728
1,167,55.06,329.0,4.28,1.82,2,15.46,13.76,1.643,-1.46,1,348.6,0.6728
1,168,56.44,330.5,4.28,1.82,2,15.31,13.92,1.627,-1.477,1,350.7,0.6728
1,169,57.84,332.0,4.28,1.82,2,15.17,14.08,1.611,-1.494,1,352.8,0.6728
1,170,59.26,333.6,4.28,1.82,2,15.02,14.24,1.595,-1.511,1,354.9,0.6728
1,171,60.69,335.0,4.28,1.82,2,14.86,14.4,1.579,-1.528,1,357.1,0.7116
1,172,62.14,336.5,4.28,1.82,2,14.71,14.56,1.562,-1.545,1,359.2,0.7116
1,173,63.6,338.0,4.28,1.82,2,14.55,14.72,1.545,-1.561,1,361.3,0.7116
1,174,65.08,339.4,4.28,1.82,2,14.4,14.87,1.528,-1.577,1,363.4,0.7116
1,175,66.58,340.9,4.28,1.82,2,14.24,15.02,1.511,-1.593,1,365.6,0.7116
1,176,68.09,342.3,4.28,1.82,2,14.08,15.17,1.493,-1.608,1,367.7,0.7484
1,177,69.61,343.7,4.28,1.82,2,13.92,15.32,1.475,-1.623,1,369.8,0.7484
1,178,71.15,345.1,4.28,1.82,2,13.75,15.47,1.456,-1.636,1,372.0,0.7484
1,179,72.7,346.4,4.28,1.82,2,13.59,15.61,1.437,-1.649,1,374.1,0.7484
1,180,74.27,347.8,4.28,1.82,2,13.42,15.75,1.416,-1.66,1,376.2,0.7484
1,181,75.85,349.1,4.28,1.82,2,13.26,15.89,1.394,-1.669,1,378.3,0.7832
1,182,77.45,350.4,4.28,1.82,2,13.09,16.03,1.369,-1.674,1,380.5,0.7832
1,183,79.06,351.7,4.28,1.82,2,12.92,16.17,1.342,-1.676,1,382.6,0.7832
1,184,80.68,353.0,4.28,1.82,2,12.76,16.3,1.312,-1.672,1,384.7,0.7832
1,185,82.32,354.3,4.28,1.82,2,12.59,16.43,1.278,-1.663,1,386.8,0.7832
1,186,83.97,355.5,4.28,1.82,2,12.42,16.56,1.24,-1.646,1,389.0,0.8157
1,187,85.63,356.8,4.28,1.82,2,12.26,16.68,1.199,-1.623,1,391.1,0.8157
1,188,87.31,358.0,4.28,1.82,2,12.1,16.8,1.154,-1.593,1,393.2,0.8157
1,189,88.99,359.2,4.28,1.82,2,11.94,16.91,1.106,-1.555,1,395.4,0.8157
1,190,90.69,360.4,4.28,1.82,2,11.79,17.02,1.055,-1.511,1,397.5,0.8157
1,191,92.39,361.5,4.28,1.82,2,11.64,17.12,1.002,-1.458,1,399.6,0.8458
1,192,94.11,362.7,4.28,1.82,2,11.5,17.22,0.9455,-1.399,1,401.7,0.8458
1,193,95.84,363.8,4.28,1.82,2,11.36,17.31,0.8873,-1.334,1,403.9,0.8458
1,194,97.57,365.0,4.28,1.82,2,11.23,17.39,0.829,-1.265,1,406.0,0.8458
1,195,99.32,366.1,4.28,1.82,2,11.11,17.47,0.7699,-1.191,1,408.1,0.8458
1,196,101.1,367.2,4.28,1.82,2,10.99,17.55,0.7107,-1.114,1,410.2,0.867
1,197,102.8,368.3,4.28,1.82,2,10.89,17.62,0.6507,-1.032,1,412.3,0.867
1,198,104.6,369.4,4.28,1.82,2,10.79,17.68,0.5912,-0.9482,1,414.4,0.867
1,199,106.4,370.5,4.28,1.82,2,10.7,17.73,0.5338,-0.8647,1,416.4,0.867
1,200,108.1,371.5,4.28,1.82,2,10.61,17.79,0.4783,-0.7821,1,418.5,0.867
1,201,109.9,372.6,4.28,1.82,2,10.54,17.83,0.425,-0.7008,1,420.6,0.867
1,202,111.7,373.6,4.28,1.82,2,10.47,17.87,0.3743,-0.6219,1,422.6,0.867
1,203,113.5,374.7,4.28,1.82,2,10.41,17.91,0.3255,-0.5443,1,424.7,0.867
1,204,115.3,375.7,4.28,1.82,2,10.36,17.94,0.2802,-0.4716,1,426.8,0.867
1,205,117.1,376.7,4.28,1.82,2,10.32,17.96,0.2381,-0.4032,1,428.9,0.867
1,206,118.9,377.8,4.28,1.82,2,10.28,17.98,0.1994,-0.3395,1,430.9,0.867
1,207,120.7,378.8,4.28,1.82,2,10.25,18.0,0.1626,-0.2784,1,433.0,0.867
1,208,122.5,379.8,4.28,1.82,2,10.23,18.02,0.1301,-0.2242,1,435.1,0.867
1,209,124.3,380.8,4.28,1.82,2,10.21,18.03,0.1006,-0.1749,1,437.1,0.867
1,210,126.1,381.9,4.28,1.82,2,10.19,18.04,0.07424,-0.1307,1,439.2,0.867
1,211,127.9,382.9,4.28,1.82,2,10.18,18.04,0.05109,-0.09179,1,441.3,0.867
1,212,129.7,383.9,4.28,1.82,2,10.17,18.05,0.03075,-0.05768,1,443.4,0.867
1,213,131.5,384.9,4.28,1.82,2,10.17,18.05,0.01359,-0.02902,1,445.4,0.867
1,214,133.3,385.9,4.28,1.82,2,10.17,18.05,-0.0007715,-0.00518,1,447.5,0.867
1,215,135.1,387.0,4.28,1.82,2,10.17,18.05,-0.01257,0.01426,1,449.6,0.867
1,216,136.9,388.0,4.28,1.82,2,10.17,18.05,-0.02205,0.02973,1,451.6,0.867
1,217,138.7,389.0,4.28,1.82,2,10.17,18.04,-0.02955,0.04178,1,453.7,0.867
1,218,140.5,390.0,4.28,1.82,2,10.18,18.04,-0.03533,0.05092,1,455.8,0.867
1,219,142.3,391.0,4.28,1.82,2,10.18,18.04,-0.0397,0.05765,1,457.9,0.867
1,220,144.1,392.0,4.28,1.82,2,10.19,18.03,-0.04288,0.0624,1,459.9,0.867
1,221,145.9,393.1,4.28,1.82,2,10.2,18.03,-0.04512,0.06559,1,462.0,0.867
1,222,147.7,394.1,4.28,1.82,2,10.2,18.02,-0.04653,0.06743,1,464.1,0.867
1,223,149.5,395.1,4.28,1.82,2,10.21,18.02,-0.04728,0.06822,1,466.1,0.867
1,224,151.3,396.1,4.28,1.82,2,10.22,18.01,-0.04747,0.06809,1,468.2,0.867
1,225,153.1,397.1,4.28,1.82,2,10.22,18.01,-0.04717,0.06722,1,470.3,0.867
1,226,154.9,398.2,4.28,1.82,2,10.23,18.01,-0.04649,0.06574,1,472.4,0.867
1,227,156.7,399.2,4.28,1.82,2,10.24,18.0,-0.04546,0.06377,1,474.4,0.867
1,228,158.5,400.2,4.28,1.82,2,10.24,18.0,-0.04415,0.06139,1,476.5,0.867
1,229,160.3,401.2,4.28,1.82,2,10.25,17.99,-0.04261,0.0587,1,478.6,0.867
1,230,162.1,402.3,4.28,1.82,2,10.25,17.99,-0.04093,0.05576,1,480.6,0.867
1,231,163.9,403.3,4.28,1.82,2,10.26,17.98,-0.03911,0.05267,1,482.7,0.867
1,232,165.7,404.3,4.28,1.82,2,10.27,17.98,-0.03719,0.04948,1,484.8,0.867
1,233,167.5,405.3,4.28,1.82,2,10.27,17.98,-0.0352,0.04624,1,486.8,0.867
1,234,169.3,406.4,4.28,1.82,2,10.27,17.97,-0.03318,0.04299,1,488.9,0.867
1,235,171.1,407.4,4.28,1.82,2,10.28,17.97,-0.03113,0.03975,1,491.0,0.867
1,236,172.9,408.4,4.28,1.82,2,10.28,17.97,-0.0291,0.03659,1,493.1,0.867
1,237,174.7,409.5,4.28,1.82,2,10.29,17.96,-0.02709,0.03351,1,495.1,0.867
1,238,176.5,410.5,4.28,1.82,2,10.29,17.96,-0.02513,0.03055,1,497.2,0.867
1,239,178.3,411.5,4.28,1.82,2,10.29,17.96,-0.02322,0.0277,1,499.3,0.867
1,240,180.1,412.5,4.28,1.82,2,10.29,17.96,-0.02138,0.02501,1,501.3,0.867
1,241,181.9,413.6,4.28,1.82,2,10.3,17.95,-0.0196,0.02245,1,503.4,0.867
1,242,183.7,414.6,4.28,1.82,2,10.3,17.95,-0.01789,0.02004,1,505.5,0.867
1,243,185.5,415.6,4.28,1.82,2,10.3,17.95,-0.01627,0.01779,1,507.5,0.867
1,244,187.3,416.7,4.28,1.82,2,10.3,17.95,-0.01473,0.01569,1,509.6,0.867
1,245,189.1,417.7,4.28,1.82,2,10.3,17.95,-0.01328,0.01375,1,511.7,0.867
1,246,190.9,418.7,4.28,1.82,2,10.31,17.95,-0.01192,0.01197,1,513.8,0.867
1,247,192.7,419.8,4.28,1.82,2,10.31,17.95,-0.01065,0.01035,1,515.8,0.867
1,248,194.5,420.8,4.28,1.82,2,10.31,17.94,-0.009463,0.008873,1,517.9,0.867
1,249,196.3,421.8,4.28,1.82,2,10.31,17.94,-0.00836,0.007532,1,520.0,0.867
1,250,198.1,422.8,4.28,1.82,2,10.31,17.94,-0.007342,0.006327,1,522.0,0.867
1,251,199.8,423.9,4.28,1.82,2,10.31,17.94,-0.006404,0.005252,1,524.1,0.867
1,252,201.6,424.9,4.28,1.82,2,10.31,17.94,-0.005543,0.004295,1,526.2,0.867
1,253,203.4,425.9,4.28,1.82,2,10.31,17.94,-0.004747,0.003438,1,528.2,0.867
1,254,205.2,427.0,4.28,1.82,2,10.31,17.94,-0.004042,0.002725,1,530.3,0.867
1,255,207.0,428.0,4.28,1.82,2,10.31,17.94,-0.003389,0.002083,1,532.4,0.867
1,256,208.8,429.0,4.28,1.82,2,10.31,17.94,-0.002794,0.001522,1,534.4,0.867
1,257,210.6,430.1,4.28,1.82,2,10.31,17.94,-0.002252,0.001037,1,536.5,0.867
1,258,212.4,431.1,4.28,1.82,2,10.31,17.94,-0.001769,0.0006323,1,538.6,0.867
1,259,214.2,432.1,4.28,1.82,2,10.31,17.94,-0.001326,0.0002787,1,540.7,0.867
1,260,216.0,433.2,4.28,1.82,2,10.31,17.94,-0.0009474,1.62e-05,1,542.7,0.867
1,261,217.8,434.2,4.28,1.82,2,10.31,17.94,-0.0005963,-0.0002199,1,544.8,0.867
1,262,219.6,435.2,4.28,1.82,2,10.31,17.94,-0.0002791,-0.0004187,1,546.9,0.867
1,263,221.4,436.2,4.28,1.82,2,10.31,17.94,5.001e-06,-0.0005815,1,548.9,0.867
1,264,223.2,437.3,4.28,1.82,2,10.31,17.94,0.0002253,-0.0006519,1,551.0,0.867
1,265,225.0,438.3,4.28,1.82,2,10.31,17.94,0.0004546,-0.0007612,1,553.1,0.867
1,266,226.8,439.3,4.28,1.82,2,10.31,17.94,0.0006334,-0.0008041,1,555.1,0.867
1,267,228.6,440.4,4.28,1.82,2,10.31,17.94,0.0007837,-0.0008178,1,557.2,0.867
1,268,230.3,441.4,4.28,1.82,2,10.31,17.94,0.0009213,-0.0008293,1,559.3,0.867
1,269,232.1,442.4,4.28,1.82,2,10.31,17.94,0.001045,-0.0008354,1,561.3,0.867
1,270,233.9,443.5,4.28,1.82,2,10.31,17.94,0.001131,-0.0007971,1,563.4,0.867
1,271,235.7,444.5,4.28,1.82,2,10.31,17.94,0.001211,-0.0007654,1,565.5,0.867
1,272,237.5,445.5,4.28,1.82,2,10.31,17.94,0.001278,-0.00073,1,567.6,0.867
1,273,239.3,446.6,4.28,1.82,2,10.31,17.94,0.001325,-0.0006775,1,569.6,0.867
1,274,241.1,447.6,4.28,1.82,2,10.31,17.94,0.001362,-0.0006238,1,571.7,0.867
1,275,242.9,448.6,4.28,1.82,2,10.31,17.94,0.001386,-0.0005645,1,573.8,0.867
1,276,244.7,449.7,4.28,1.82,2,10.31,17.94,0.001394,-0.000493,1,575.8,0.867
1,277,246.5,450.7,4.28,1.82,2,10.31,17.94,0.001402,-0.0004363,1,577.9,0.867
1,278,248.3,451.7,4.28,1.82,2,10.31,17.94,0.001412,-0.0003955,1,580.0,0.867
1,279,250.1,452.7,4.28,1.82,2,10.31,17.94,0.001383,-0.0003026,1,582.0,0.867
1,280,251.9,453.8,4.28,1.82,2,10.31,17.94,0.001376,-0.000259,1,584.1,0.867
1,281,253.7,454.8,4.28,1.82,2,10.31,17.94,0.001342,-0.0001798,1,586.2,0.867
1,282,255.5,455.8,4.28,1.82,2,10.31,17.94,0.001318,-0.0001299,1,588.2,0.867
1,283,257.3,456.9,4.28,1.82,2,10.31,17.94,0.001287,-7.858e-05,1,590.3,0.867
1,284,259.1,457.9,4.28,1.82,2,10.31,17.94,0.001255,-2.848e-05,1,592.4,0.867
1,285,260.8,458.9,4.28,1.82,2,10.31,17.94,0.001222,1.883e-05,1,594.5,0.867
1,286,262.6,460.0,4.28,1.82,2,10.31,17.94,0.001184,6.195e-05,1,596.5,0.867
1,287,264.4,461.0,4.28,1.82,2,10.31,17.94,0.001145,0.0001011,1,598.6,0.867
1,288,266.2,462.0,4.28,1.82,2,10.31,17.94,0.001103,0.0001363,1,600.7,0.867
1,289,268.0,463.1,4.28,1.82,2,10.31,17.94,0.001059,0.0001673,1,602.7,0.867
1,290,269.8,464.1,4.28,1.82,2,10.31,17.94,0.001014,0.0001943,1,604.8,0.867
1,291,271.6,465.1,4.28,1.82,2,10.31,17.94,0.0009685,0.0002172,1,606.9,0.867
2,1,8.766,7.982,4.74,1.82,2,0.0,21.53,0.0,0.0,2,10.45,-1.0
2,2,8.771,10.05,4.74,1.82,2,0.0,21.52,-0.0003664,-0.1794,2,12.54,-1.0
2,3,8.775,12.2,4.74,1.82,2,0.0,21.41,-0.004416,-2.163,2,14.69,-1.0
2,4,8.779,14.32,4.74,1.82,2,0.0,21.11,-0.006978,-3.417,2,16.81,-1.0
2,5,8.784,16.42,4.74,1.82,2,0.0,20.75,-0.007445,-3.646,2,18.9,-1.0
2,6,8.788,18.47,4.74,1.82,2,0.0,20.4,-0.006942,-3.4,2,20.96,0.002042
2,7,8.792,20.5,4.74,1.82,2,0.0,20.08,-0.006156,-3.014,2,22.98,0.002042
2,8,8.796,22.49,4.74,1.82,2,0.0,19.8,-0.005358,-2.624,2,24.98,0.002042
2,9,8.8,24.46,4.74,1.82,2,0.0,19.56,-0.004623,-2.264,2,26.94,0.002042
2,10,8.804,26.4,4.74,1.82,2,0.0,19.35,-0.003963,-1.941,2,28.89,0.002042
2,11,8.808,28.33,4.74,1.82,2,0.0,19.17,-0.003374,-1.652,2,30.81,0.002042
2,12,8.812,30.23,4.74,1.82,2,0.0,19.02,-0.002847,-1.394,2,32.72,0.002042
2,13,8.816,32.13,4.74,1.82,2,0.0,18.89,-0.002378,-1.165,2,34.62,0.002042
2,14,8.819,34.01,4.74,1.82,2,0.0,18.78,-0.00196,-0.9599,2,36.5,0.002042
2,15,8.823,35.89,4.74,1.82,2,0.0,18.7,-0.001588,-0.7777,2,38.37,0.002042
2,16,8.827,37.75,4.74,1.82,2,0.0,18.63,-0.001257,-0.6157,2,40.24,0.002042
2,17,8.831,39.61,4.74,1.82,2,0.0,18.58,-0.0009709,-0.4755,2,42.1,0.002042
2,18,8.835,41.47,4.74,1.82,2,0.0,18.53,-0.0007674,-0.3758,2,43.95,0.002042
2,19,8.838,43.32,4.74,1.82,2,0.0,18.5,-0.0006303,-0.3086,2,45.81,0.002042
2,20,8.842,45.17,4.74,1.82,2,0.0,18.47,-0.0005219,-0.2556,2,47.65,0.002042
2,21,8.846,47.01,4.74,1.82,2,0.0,18.45,-0.0004247,-0.208,2,49.5,0.002042
2,22,8.85,48.86,4.74,1.82,2,0.0,18.43,-0.0003334,-0.1633,2,51.34,0.002042
2,23,8.854,50.7,4.74,1.82,2,0.0,18.42,-0.0002468,-0.1209,2,53.19,0.002042
2,24,8.857,52.54,4.74,1.82,2,0.0,18.41,-0.0001646,-0.0806,2,55.03,0.002042
2,25,8.861,54.38,4.74,1.82,2,0.0,18.4,-8.668e-05,-0.04245,2,56.87,0.002042
2,26,8.865,56.22,4.74,1.82,2,0.0,18.4,-1.296e-05,-0.006348,2,58.71,0.002042
2,27,8.869,58.06,4.74,1.82,2,0.0,18.4,5.672e-05,0.02778,2,60.55,0.002042
2,28,8.872,59.9,4.74,1.82,2,0.0,18.4,0.0001225,0.06,2,62.39,0.002042
2,29,8.876,61.74,4.74,1.82,2,0.0,18.41,0.0001846,0.09038,2,64.23,0.002042
2,30,8.88,63.58,4.74,1.82,2,0.0,18.42,0.000243,0.119,2,66.07,0.002042
2,31,8.884,65.43,4.74,1.82,2,0.0,18.44,0.000298,0.1459,2,67.91,0.002042
2,32,8.887,67.27,4.74,1.82,2,0.0,18.45,0.0003497,0.1712,2,69.76,0.002042
2,33,8.891,69.12,4.74,1.82,2,0.0,18.47,0.0003981,0.195,2,71.6,0.002042
2,34,8.895,70.97,4.74,1.82,2,0.0,18.49,0.0004435,0.2172,2,73.45,0.002042
2,35,8.899,72.82,4.74,1.82,2,0.0,18.51,0.0004859,0.238,2,75.3,0.002042
2,36,8.902,74.67,4.74,1.82,2,0.0,18.54,0.0005255,0.2573,2,77.16,0.002042
2,37,8.906,76.52,4.74,1.82,2,0.0,18.57,0.0005624,0.2754,2,79.01,0.002042
2,38,8.91,78.38,4.74,1.82,2,0.0,18.59,0.0005966,0.2922,2,80.87,0.002042
2,39,8.914,80.24,4.74,1.82,2,0.0,18.62,0.0006284,0.3077,2,82.73,0.002042
2,40,8.918,82.11,4.74,1.82,2,0.0,18.66,0.0006578,0.3221,2,84.59,0.002042
2,41,8.921,83.97,4.74,1.82,2,0.0,18.69,0.0006849,0.3354,2,86.46,0.002042
2,42,8.925,85.84,4.74,1.82,2,0.0,18.72,0.0007097,0.3476,2,88.33,0.002042
2,43,8.929,87.72,4.74,1.82,2,0.0,18.76,0.0007325,0.3587,2,90.21,0.002042
2,44,8.933,89.6,4.74,1.82,2,0.0,18.79,0.0007533,0.3689,2,92.08,0.002042
2,45,8.937,91.48,4.74,1.82,2,0.0,18.83,0.0007726,0.3784,2,93.96,0.002042
2,46,8.941,93.36,4.74,1.82,2,0.0,18.87,0.0007964,0.39,2,95.85,0.002042
2,47,8.945,95.25,4.74,1.82,2,0.0,18.91,0.0008237,0.4033,2,97.74,0.002042
2,48,8.948,97.15,4.74,1.82,2,0.0,18.95,0.0008496,0.416,2,99.63,0.002042
2,49,8.952,99.04,4.74,1.82,2,0.0,18.99,0.0008718,0.4269,2,101.5,0.002042
2,50,8.956,100.9,4.74,1.82,2,0.0,19.04,0.0008898,0.4357,2,103.4,0.002042
2,51,8.96,102.8,4.74,1.82,2,0.0,19.08,0.0009036,0.4425,2,105.3,0.002042
2,52,8.964,104.8,4.74,1.82,2,0.0,19.12,0.0009138,0.4475,2,107.2,0.002042
2,53,8.968,106.7,4.74,1.82,2,0.0,19.17,0.0009206,0.4508,2,109.2,0.002042
2,54,8.972,108.6,4.74,1.82,2,0.0,19.21,0.0009245,0.4528,2,111.1,0.002042
2,55,8.976,110.5,4.74,1.82,2,0.0,19.26,0.0009259,0.4534,2,113.0,0.002042
2,56,8.98,112.4,4.74,1.82,2,0.0,19.31,0.000925,0.453,2,114.9,0.002042
2,57,8.984,114.4,4.74,1.82,2,0.0,19.35,0.0009221,0.4515,2,116.9,0.002042
2,58,8.988,116.3,4.74,1.82,2,0.0,19.4,0.0009174,0.4493,2,118.8,0.002042
2,59,8.992,118.3,4.74,1.82,2,0.0,19.44,0.0009113,0.4462,2,120.7,0.002042
2,60,8.995,120.2,4.74,1.82,2,0.0,19.49,0.0009038,0.4426,2,122.7,0.002042
2,61,8.999,122.2,4.74,1.82,2,0.0,19.53,0.0008951,0.4383,2,124.6,0.002042
2,62,9.003,124.1,4.74,1.82,2,0.0,19.57,0.0008855,0.4336,2,126.6,0.002042
2,63,9.007,126.1,4.74,1.82,2,0.0,19.62,0.000875,0.4285,2,128.6,0.002042
2,64,9.011,128.0,4.74,1.82,2,0.0,19.66,0.0008637,0.423,2,130.5,0.002042
2,65,9.015,130.0,4.74,1.82,2,0.0,19.7,0.0008519,0.4172,2,132.5,0.002042
2,66,9.02,132.0,4.74,1.82,2,0.0,19.74,0.0008396,0.4111,2,134.5,0.002042
2,67,9.024,134.0,4.74,1.82,2,0.0,19.78,0.0008268,0.4049,2,136.4,0.002042
2,68,9.028,135.9,4.74,1.82,2,0.0,19.82,0.0008137,0.3985,2,138.4,0.002042
2,69,9.032,137.9,4.74,1.82,2,0.0,19.86,0.0008004,0.392,2,140.4,0.002042
2,70,9.036,139.9,4.74,1.82,2,0.0,19.9,0.0007885,0.3861,2,142.4,0.002042
2,71,9.04,141.9,4.74,1.82,2,0.0,19.94,0.0007797,0.3818,2,144.4,0.002042
2,72,9.044,143.9,4.74,1.82,2,0.0,19.98,0.0007722,0.3781,2,146.4,0.002042
2,73,9.048,145.9,4.74,1.82,2,0.0,20.01,0.0007649,0.3746,2,148.4,0.002042
2,74,9.052,147.9,4.74,1.82,2,0.0,20.05,0.0007573,0.3709,2,150.4,0.002042
2,75,9.056,149.9,4.74,1.82,2,0.0,20.09,0.0007494,0.367,2,152.4,0.002042
2,76,9.06,151.9,4.74,1.82,2,0.0,20.13,0.0007412,0.3629,2,154.4,0.002042
2,77,9.064,153.9,4.74,1.82,2,0.0,20.16,0.0007326,0.3588,2,156.4,0.002042
2,78,9.068,155.9,4.74,1.82,2,0.0,20.2,0.0007237,0.3544,2,158.4,0.002042
2,79,9.073,158.0,4.74,1.82,2,0.0,20.23,0.0007146,0.3499,2,160.5,0.002042
2,80,9.077,160.0,4.74,1.82,2,0.0,20.27,0.0007053,0.3454,2,162.5,0.002042
2,81,9.081,162.0,4.74,1.82,2,0.0,20.3,0.0006957,0.3407,2,164.5,0.002042
2,82,9.085,164.1,4.74,1.82,2,0.0,20.34,0.0006856,0.3357,2,166.5,0.002042
2,83,9.089,166.1,4.74,1.82,2,0.0,20.37,0.0006761,0.3311,2,168.6,0.002042
2,84,9.093,168.1,4.74,1.82,2,0.0,20.4,0.000675,0.3305,2,170.6,0.002042
2,85,9.098,170.2,4.74,1.82,2,0.0,20.43,0.0006808,0.3334,2,172.7,0.002042
2,86,9.102,172.2,4.74,1.82,2,0.0,20.47,0.0006887,0.3373,2,174.7,0.002042
2,87,9.106,174.3,4.74,1.82,2,0.0,20.5,0.0006964,0.3411,2,176.8,0.002042
2,88,9.11,176.3,4.74,1.82,2,0.0,20.54,0.0007033,0.3444,2,178.8,0.002042
2,89,9.114,178.4,4.74,1.82,2,0.0,20.57,0.0007091,0.3472,2,180.9,0.002042
2,90,9.118,180.4,4.74,1.82,2,0.0,20.61,0.0007138,0.3496,2,182.9,0.002042
2,91,9.123,182.5,4.74,1.82,2,0.0,20.64,0.0007175,0.3514,2,185.0,0.002042
2,92,9.127,184.6,4.74,1.82,2,0.0,20.68,0.0007203,0.3527,2,187.0,0.002042
2,93,9.131,186.6,4.74,1.82,2,0.0,20.71,0.0007222,0.3537,2,189.1,0.002042
2,94,9.135,188.7,4.74,1.82,2,0.0,20.75,0.0007232,0.3542,2,191.2,0.002042
2,95,9.14,190.8,4.74,1.82,2,0.0,20.78,0.0007234,0.3543,2,193.3,0.002042
2,96,9.144,192.9,4.74,1.82,2,0.0,20.82,0.0007229,0.354,2,195.3,0.005173
2,97,9.148,194.9,4.74,1.82,2,0.0,20.85,0.0007217,0.3534,2,197.4,0.005173
2,98,9.151,197.0,4.74,1.82,2,0.0,20.89,-0.9466,0.3559,2,199.5,0.005173
2,99,9.149,199.1,4.74,1.82,2,0.0,20.92,0.5434,0.3686,2,201.7,0.005173
2,100,9.152,201.2,4.74,1.82,2,0.0,20.96,1.859,0.3504,2,203.9,0.005173
2,101,9.174,203.3,4.74,1.82,2,0.0,20.99,2.518,0.3017,2,206.1,0.05607
2,102,9.221,205.4,4.74,1.82,2,0.0,21.03,2.663,0.2507,2,208.3,0.05607
2,103,9.295,207.5,4.74,1.82,2,0.0,21.06,2.562,0.2103,2,210.5,0.05607
2,104,9.393,209.6,4.74,1.82,2,0.0,21.09,2.421,0.1779,2,212.7,0.05607
2,105,9.517,211.7,4.74,1.82,2,0.0,21.12,2.334,0.1471,2,214.9,0.05607
2,106,9.663,213.8,4.74,1.82,2,0.0,21.15,2.309,0.1138,2,217.1,0.107
2,107,9.833,215.9,4.74,1.82,2,0.0,21.18,2.323,0.07765,2,219.3,0.107
2,108,10.03,218.1,4.74,1.82,2,0.0,21.2,2.347,0.0399,2,221.5,0.107
2,109,10.24,220.2,4.74,1.82,2,0.0,21.23,2.367,0.002021,2,223.7,0.107
2,110,10.48,222.3,4.74,1.82,2,0.0,21.25,2.379,-0.03521,2,226.0,0.107
2,111,10.75,224.4,4.74,1.82,2,0.0,21.28,2.384,-0.0717,2,228.2,0.1581
2,112,11.03,226.5,4.74,1.82,2,0.0,21.3,2.388,-0.108,2,230.4,0.1581
2,113,11.34,228.6,4.74,1.82,2,0.0,21.32,2.389,-0.1438,2,232.6,0.1581
2,114,11.68,230.7,4.74,1.82,2,0.0,21.34,2.389,-0.1793,2,234.9,0.1581
2,115,12.04,232.8,4.74,1.82,2,0.0,21.37,2.388,-0.2144,2,237.1,0.1581
2,116,12.42,234.9,4.74,1.82,2,0.0,21.39,2.386,-0.2494,2,239.3,0.209
2,117,12.83,237.0,4.74,1.82,2,0.0,21.4,2.385,-0.2842,2,241.6,0.209
2,118,13.26,239.1,4.74,1.82,2,0.0,21.42,2.383,-0.3189,2,243.8,0.209
2,119,13.71,241.2,4.74,1.82,2,0.0,21.44,2.381,-0.3535,2,246.0,0.209
2,120,14.19,243.3,4.74,1.82,2,0.0,21.46,2.379,-0.3878,2,248.3,0.209
2,121,14.7,245.4,4.74,1.82,2,0.0,21.47,2.377,-0.4221,2,250.5,0.2595
2,122,15.22,247.5,4.74,1.82,2,0.0,21.49,2.374,-0.4561,2,252.8,0.2595
2,123,15.77,249.6,4.74,1.82,2,0.0,21.5,2.371,-0.4901,2,255.0,0.2595
2,124,16.34,251.6,4.74,1.82,2,0.0,21.52,2.368,-0.5239,2,257.3,0.2595
2,125,16.94,253.7,4.74,1.82,2,0.0,21.53,2.366,-0.5579,2,259.5,0.2595
2,126,17.56,255.8,4.74,1.82,2,0.0,21.54,2.362,-0.5917,2,261.8,0.3096
2,127,18.21,257.8,4.74,1.82,2,0.0,21.56,2.356,-0.6245,2,264.0,0.3096
2,128,18.87,259.9,4.74,1.82,2,0.0,21.57,2.348,-0.6566,2,266.3,0.3096
2,129,19.57,261.9,4.74,1.82,2,0.0,21.58,2.339,-0.6882,2,268.5,0.3096
2,130,20.28,263.9,4.74,1.82,2,0.0,21.59,2.33,-0.7197,2,270.8,0.3096
2,131,21.02,266.0,4.74,1.82,2,0.0,21.6,2.321,-0.751,2,273.1,0.359
2,132,21.78,268.0,4.74,1.82,2,0.0,21.61,2.313,-0.7822,2,275.3,0.359
2,133,22.57,270.0,4.74,1.82,2,0.0,21.62,2.304,-0.8134,2,277.6,0.359
2,134,23.37,272.0,4.74,1.82,2,0.0,21.63,2.295,-0.8443,2,279.8,0.359
2,135,24.2,274.0,4.74,1.82,2,0.0,21.64,2.286,-0.8751,2,282.1,0.359
2,136,25.06,276.0,4.74,1.82,2,0.0,21.64,2.276,-0.9058,2,284.4,0.4074
2,137,25.93,278.0,4.74,1.82,2,0.0,21.65,2.267,-0.9363,2,286.6,0.4074
2,138,26.83,280.0,4.74,1.82,2,0.0,21.66,2.258,-0.967,2,288.9,0.4074
2,139,27.75,281.9,4.74,1.82,2,0.0,21.67,2.249,-0.9978,2,291.2,0.4074
2,140,28.7,283.9,4.74,1.82,2,0.0,21.67,2.237,-1.027,2,293.4,0.4074
2,141,29.66,285.8,4.74,1.82,2,0.0,21.68,2.224,-1.056,2,295.7,0.455
2,142,30.65,287.7,4.74,1.82,2,0.0,21.68,2.209,-1.083,2,298.0,0.455
2,143,31.66,289.7,4.74,1.82,2,0.0,21.69,2.195,-1.111,2,300.2,0.455
2,144,32.69,291.6,4.74,1.82,2,0.0,21.69,2.18,-1.138,2,302.5,0.455
2,145,33.75,293.5,4.74,1.82,2,0.0,21.7,2.166,-1.166,2,304.8,0.455
2,146,34.82,295.3,4.74,1.82,2,0.0,21.7,2.152,-1.193,2,307.0,0.5014
2,147,35.92,297.2,4.74,1.82,2,0.0,21.71,2.138,-1.221,2,309.3,0.5014
2,148,37.04,299.1,4.74,1.82,2,0.0,21.71,2.124,-1.248,2,311.6,0.5014
2,149,38.18,300.9,4.74,1.82,2,0.0,21.71,2.11,-1.275,2,313.8,0.5014
2,150,39.34,302.8,4.74,1.82,2,0.0,21.72,2.095,-1.302,2,316.1,0.5014
2,151,40.52,304.6,4.74,1.82,2,0.0,21.72,2.081,-1.329,2,318.4,0.5465
2,152,41.73,306.4,4.74,1.82,2,0.0,21.72,2.068,-1.356,2,320.7,0.5465
2,153,42.95,308.2,4.74,1.82,2,0.0,21.73,2.052,-1.382,2,322.9,0.5465
2,154,44.19,310.0,4.74,1.82,2,0.0,21.73,2.034,-1.407,2,325.2,0.5465
2,155,45.46,311.7,4.74,1.82,2,0.0,21.73,2.015,-1.43,2,327.5,0.5465
2,156,46.74,313.5,4.74,1.82,2,0.0,21.73,1.997,-1.454,2,329.8,0.5903
2,157,48.05,315.2,4.74,1.82,2,0.0,21.74,1.978,-1.477,2,332.0,0.5903
2,158,49.37,317.0,4.74,1.82,2,0.0,21.74,1.96,-1.501,2,334.3,0.5903
2,159,50.71,318.7,4.74,1.82,2,0.0,21.74,1.942,-1.524,2,336.6,0.5903
2,160,52.08,320.4,4.74,1.82,2,0.0,21.74,1.924,-1.548,2,338.8,0.5903
2,161,53.46,322.0,4.74,1.82,2,0.0,21.74,1.906,-1.571,2,341.1,0.6324
2,162,54.86,323.7,4.74,1.82,2,0.0,21.74,1.887,-1.594,2,343.4,0.6324
2,163,56.28,325.4,4.74,1.82,2,0.0,21.74,1.869,-1.617,2,345.7,0.6324
2,164,57.72,327.0,4.74,1.82,2,0.0,21.74,1.851,-1.641,2,347.9,0.6324
2,165,59.18,328.6,4.74,1.82,2,0.0,21.75,1.834,-1.665,2,350.2,0.6324
2,166,60.65,330.2,4.74,1.82,2,0.0,21.75,1.815,-1.687,2,352.5,0.6728
